cam0:
  T_cam_imu:
  - [0.999974025993411, 0.004996335340918862, -0.005194609868868617, 0.005197221998065213]
  - [-0.005045089322559397, 0.9999429494700354, -0.009415140938574734, 0.0019803822311786246]
  - [0.005147272312211506, 0.009441103660426251, 0.9999421839033578, -0.016560187607293574]
  - [0.0, 0.0, 0.0, 1.0]
  cam_overlaps: [1]
  camera_model: pinhole
  distortion_coeffs: [0.37197235652031146, -0.1166044827812445, 0.934315389522702, -1.024174090625451]
  distortion_model: equidistant
  intrinsics: [386.7572697399918, 387.9020867111345, 320.0012590537355, 245.00700333804625]
  resolution: [640, 480]
  rostopic: /camera/infra1/image_rect_raw
  timeshift_cam_imu: 0.0023976842985871014
cam1:
  T_cam_imu:
  - [0.9999812645180624, 0.004819078777717674, -0.00377453210230442, -0.043968512536255056]
  - [-0.00485536291086479, 0.9999415199250203, -0.0096634456093207, 0.0019522073072236596]
  - [0.0037277424617285565, 0.009681591283185428, 0.9999461839150968, -0.016548130130537485]
  - [0.0, 0.0, 0.0, 1.0]
  T_cn_cnm1:
  - [0.9999989759534225, -0.00019065320193968664, 0.0014183594242806474, -0.04914186334774879]
  - [0.00019100418714640264, 0.9999999511733145, -0.0002473272377159888, -3.326330387960127e-05]
  - [-0.0014183122012970653, 0.00024759789703029445, 0.9999989635423501, 1.8921257719965795e-05]
  - [0.0, 0.0, 0.0, 1.0]
  cam_overlaps: [0]
  camera_model: pinhole
  distortion_coeffs: [0.3269174471789688, 0.30043147373195606, -0.5147189451323171, 0.6423067677096537]
  distortion_model: equidistant
  intrinsics: [387.2327168872494, 388.35179081044316, 319.50331992126337, 245.19796789787856]
  resolution: [640, 480]
  rostopic: /camera/infra2/image_rect_raw
  timeshift_cam_imu: 0.0023748231112463397
T_imu_body:
  [1.0000, 0.0000, 0.0000, 0.0000,
  0.0000, 1.0000, 0.0000, 0.0000,
  0.0000, 0.0000, 1.0000, 0.0000,
  0.0000, 0.0000, 0.0000, 1.0000]
